cluster_2677:7334282-7336671	chr1:7334282-7336671	2390	8	0.0703	0.000208	0.00296
cluster_4298:11698807-11699262	chr1:11698807-11699262	456	5	0.0707	0.000124	0.001753
cluster_8634:21285834-21287208	chr1:21285834-21287208	1375	7	0.1631	0.023345	0.14313
cluster_13384:29579606-29580319	chr1:29579606-29580319	714	7	0.0878	0.000368	0.004193
cluster_15900:33322619-33323324	chr1:33322619-33323324	706	1	0.0879	5.3e-05	0.000603
cluster_21033:46962982-46964711	chr1:46962982-46964711	1730	8	0.1471	0.021425	0.145613
