cluster_2677:7334282-7336671	chr1:7334282-7336671	2390	3	0.0696	0.000105	0.001509
cluster_4144:11550945-11551681	chr1:11550945-11551681	737	5	0.0731	0.0002	0.002737
cluster_4298:11698807-11699262	chr1:11698807-11699262	456	1	0.0708	3.4e-05	0.00048
cluster_8356:20775400-20776027	chr1:20775400-20776027	628	4	0.0832	0.00018	0.002163
cluster_8634:21285834-21287208	chr1:21285834-21287208	1375	7	0.1622	0.024211	0.149269
cluster_10183:24350692-24352128	chr1:24350692-24352128	1437	5	0.0904	0.000335	0.003705
cluster_11711:27059531-27060164	chr1:27059531-27060164	634	9	0.0832	0.002073	0.02491
cluster_13384:29579606-29580319	chr1:29579606-29580319	714	2	0.0875	0.000143	0.001634
cluster_14708:31497631-31498762	chr1:31497631-31498762	1132	5	0.0995	0.000162	0.001628
cluster_15088:32042967-32043538	chr1:32042967-32043538	572	4	0.0802	0.000244	0.003044
cluster_15706:33033506-33034138	chr1:33033506-33034138	633	5	0.0830	0.000341	0.004107
cluster_19241:42314937-42316047	chr1:42314937-42316047	1111	7	0.0755	0.000322	0.004263
cluster_21033:46962982-46964711	chr1:46962982-46964711	1730	8	0.1461	0.024296	0.166336
